_viz_ace_editor = nengo_gui.components.AceEditor()
_viz_net_graph = nengo_gui.components.NetGraph()
_viz_sim_control = nengo_gui.components.SimControl()
_viz_config[_viz_sim_control].kept_time = 4.0
_viz_config[_viz_sim_control].shown_time = 0.5
_viz_config[auditory].pos=(0.642229683282802, 0.35528438179395455)
_viz_config[auditory].size=(0.04424778761061946, 0.1020408163265306)
_viz_config[error].pos=(0.9140044428686173, 0.22966781214203896)
_viz_config[error].size=(0.04424778761061946, 0.1020408163265306)
_viz_config[glasses].pos=(0.05752212389380531, 0.7959183673469387)
_viz_config[glasses].size=(0.035398230088495575, 0.08163265306122448)
_viz_config[model].pos=(0.12238596305516727, 0.18739044746291478)
_viz_config[model].size=(0.5949361676792883, 0.5949361676792883)
_viz_config[model].expanded=True
_viz_config[model].has_layout=True
_viz_config[stim].pos=(0.2354756546718862, 0.5694882764102205)
_viz_config[stim].size=(0.035398230088495575, 0.08163265306122448)
_viz_config[training].pos=(0.05752212389380531, 0.2040816326530612)
_viz_config[training].size=(0.035398230088495575, 0.08163265306122448)
_viz_config[use_mod].pos=(0.46070883291485454, 0.7959183673469381)
_viz_config[use_mod].size=(0.035398230088495575, 0.08163265306122448)
_viz_config[visual_cor].pos=(0.9389756799976839, 0.6962620099586225)
_viz_config[visual_cor].size=(0.04424778761061946, 0.1020408163265306)
_viz_config[visual_raw].pos=(0.7178308091954368, 0.7374991233606849)
_viz_config[visual_raw].size=(0.04424778761061946, 0.1020408163265306)